2
i: 1, j: 0 k: 0
0 1 
1 0 
0 0 
0 0 
0 0 

i: 1, j: 1 k: 0
0 1 
1 0 
0 0 
0 0 
0 0 

i: 2, j: 0 k: 1
0 1 
1 0 
0 0 
0 0 
0 0 

i: 2, j: 0 k: 0
0 1 
1 0 
1 0 
0 0 
0 0 

i: 2, j: 1 k: 1
0 1 
1 0 
1 1 
0 0 
0 0 

i: 2, j: 1 k: 0
0 1 
1 0 
1 1 
0 0 
0 0 

i: 3, j: 0 k: 2
0 1 
1 0 
1 1 
1 0 
0 0 

i: 3, j: 0 k: 1
0 1 
1 0 
1 1 
1 0 
0 0 

i: 3, j: 1 k: 2
0 1 
1 0 
1 1 
1 1 
0 0 

i: 3, j: 1 k: 1
0 1 
1 0 
1 1 
1 2 
0 0 

i: 4, j: 0 k: 3
0 1 
1 0 
1 1 
1 2 
2 0 

i: 4, j: 0 k: 2
0 1 
1 0 
1 1 
1 2 
3 0 

i: 4, j: 1 k: 3
0 1 
1 0 
1 1 
1 2 
3 1 

i: 4, j: 1 k: 2
0 1 
1 0 
1 1 
1 2 
3 2 
